1.1923811989339947

Camera matrix left: 
[[3.07429286e+03 0.00000000e+00 2.01152416e+03]
 [0.00000000e+00 3.05460077e+03 1.45501423e+03]
 [0.00000000e+00 0.00000000e+00 1.00000000e+00]]

distCoeffs left: 
[[ 3.90769569e-01 -2.53565587e+00 -2.87149021e-03 -4.72726715e-03
   5.54501351e+00]]

Camera matrix right: 
[[3.16591843e+03 0.00000000e+00 1.96287513e+03]
 [0.00000000e+00 3.15819304e+03 1.46850222e+03]
 [0.00000000e+00 0.00000000e+00 1.00000000e+00]]

distCoeffs right: 
[[ 0.34210648 -1.73470331 -0.0021748  -0.00459468  1.66314435]]

R: 
[[ 0.99119454  0.02135293 -0.13068068]
 [-0.02230316  0.99973436 -0.00581199]
 [ 0.13052186  0.00867541  0.99140747]]

T: 
[[ 1.84486221]
 [ 0.1324868 ]
 [-0.05435724]]

E: 
[[ 0.01608009  0.05549218  0.13103248]
 [-0.29467345 -0.01716562 -1.82190675]
 [-0.17246646  1.84154316  0.00659114]]

F: 
[[-2.64832116e-08 -9.19824279e-08 -4.76340048e-04]
 [ 4.86501685e-07  2.85228935e-08  8.22718408e-03]
 [ 2.36817286e-04 -9.52528636e-03  1.00000000e+00]]
