5.346193670933323

Camera matrix left: 
[[367.67630352   0.         164.06508215]
 [  0.         379.40485192 140.93386873]
 [  0.           0.           1.        ]]

distCoeffs left: 
[[-1.19540579e-02  1.39473711e+00  1.68806146e-02  1.52283246e-03
  -5.45316458e+00]]

Camera matrix right: 
[[137.18945831   0.         194.77051218]
 [  0.         138.24874698 123.7892697 ]
 [  0.           0.           1.        ]]

distCoeffs right: 
[[ 0.08088597 -0.90255915  0.01201614  0.01769997  0.80776016]]

R: 
[[ 0.99776594  0.01557023  0.06496683]
 [ 0.00293458  0.96130785 -0.27546071]
 [-0.06674211  0.27503597  0.95911454]]

T: 
[[ -0.70379494]
 [  7.96370664]
 [-10.7356734 ]]

E: 
[[ -0.50000989  12.5105929    4.68085059]
 [-10.75866206   0.026412    -0.02244266]
 [ -7.94798061  -0.80056036  -0.32350888]]

F: 
[[ 8.89927890e-06 -2.15782827e-04 -1.68033815e-03]
 [ 1.90017688e-04 -4.52063884e-07 -3.09658175e-02]
 [-5.84867526e-03  4.39784144e-02  1.00000000e+00]]
