1.2577989437413035

Camera matrix left: 
[[3.06514103e+03 0.00000000e+00 2.01152451e+03]
 [0.00000000e+00 3.04707273e+03 1.45385374e+03]
 [0.00000000e+00 0.00000000e+00 1.00000000e+00]]

distCoeffs left: 
[[ 3.85666817e-01 -2.46146388e+00 -2.81562353e-03 -4.68572970e-03  5.24695056e+00]]

Camera matrix right: 
[[3.16441233e+03 0.00000000e+00 1.96280331e+03]
 [0.00000000e+00 3.15669226e+03 1.46836377e+03]
 [0.00000000e+00 0.00000000e+00 1.00000000e+00]]

distCoeffs right: 
[[ 0.34212677 -1.73494198 -0.0022071  -0.0046225   1.67674218]]

R: 
[[ 0.99134072  0.02131229 -0.12957375]
 [-0.02227498  0.99973397 -0.00598479]
 [ 0.12941173  0.00881922  0.99155173]]

T: 
[[ 1.82391511]
 [ 0.12840318]
 [-0.02231591]]

E: 
[[ 0.01611979  0.02344239  0.12718484]
 [-0.25815868 -0.0165611  -1.80561462]
 [-0.16791898  1.82069332  0.00572194]]

F: 
[[-2.73508067e-08 -4.00110817e-08 -5.48262183e-04]
 [ 4.39094783e-07  2.83353423e-08  8.48896654e-03]
 [ 3.10511938e-04 -9.79657502e-03  1.00000000e+00]]