Camera matrix: 
[[2.89177797e+03 0.00000000e+00 2.00778164e+03]
 [0.00000000e+00 3.20722869e+03 2.17642791e+03]
 [0.00000000e+00 0.00000000e+00 1.00000000e+00]]

Distortion coefficient: 
[[ 0.02397363  0.15402835  0.0113913  -0.00693751 -0.36087047]]

Rotation Vectors: 
(array([[ 0.11578214],
       [-0.70944961],
       [-0.86183805]]), array([[ 0.40115211],
       [-0.54986127],
       [-1.2138624 ]]), array([[ 0.22019671],
       [-0.33099685],
       [-1.31472251]]), array([[-0.58083528],
       [-0.10216861],
       [-0.26129761]]), array([[-0.59288684],
       [-0.24952459],
       [-0.44282175]]), array([[-0.50175789],
       [-0.13882747],
       [-0.6657532 ]]), array([[-0.47936219],
       [ 0.13090956],
       [ 0.34910175]]), array([[-0.43548016],
       [ 0.23363831],
       [ 0.63265136]]), array([[-0.61978019],
       [-0.18838701],
       [-0.28233952]]), array([[-0.57444914],
       [-0.24427189],
       [-0.41957989]]))

Translation Vectors: 
(array([[-5.78630437],
       [ 0.30630933],
       [15.67057129]]), array([[-6.0968585 ],
       [ 1.47474006],
       [17.25009652]]), array([[-7.87142629],
       [ 2.44187665],
       [20.15621396]]), array([[-5.92099517],
       [-7.1355609 ],
       [17.74715566]]), array([[-5.13723583],
       [-6.07044864],
       [17.84336062]]), array([[-5.45413175],
       [-3.89981438],
       [18.24610147]]), array([[-3.96249837],
       [-9.68505381],
       [21.56037952]]), array([[-2.95487369],
       [-9.68429035],
       [22.68914313]]), array([[-6.13651928],
       [-6.62261205],
       [17.34342163]]), array([[-5.05155659],
       [-6.13013048],
       [17.65727416]]))