1.2921604905427357

camera matrix:
[[1.08803241e+03 0.00000000e+00 5.29465831e+02]
 [0.00000000e+00 1.10962805e+03 7.57286857e+02]
 [0.00000000e+00 0.00000000e+00 1.00000000e+00]]

dist coeffs:
[[ 0.23633985 -1.07227933 -0.00222332 -0.00375556  1.72323827]]

rvecs:
(array([[-0.57926735],
       [ 0.34451569],
       [ 3.06117561]]), array([[0.28812086],
       [0.26287382],
       [3.07166369]]), array([[-0.46340239],
       [ 0.34968206],
       [ 3.06399319]]), array([[ 0.33461101],
       [-0.35928436],
       [-3.09647785]]), array([[ 0.22501265],
       [-0.38908455],
       [-3.10908084]]), array([[ 0.01948299],
       [-0.37741526],
       [-3.10953834]]), array([[0.66632232],
       [0.22054575],
       [3.0392663 ]]), array([[0.53326674],
       [0.24825032],
       [3.06159694]]), array([[0.45777053],
       [0.24335126],
       [3.04642473]]), array([[0.37184901],
       [0.2578417 ],
       [3.05642415]]))

tvecs:
(array([[ 4.34119544],
       [ 4.96779603],
       [17.70144021]]), array([[ 1.16117725],
       [ 5.4757448 ],
       [15.87988175]]), array([[ 3.510695  ],
       [ 4.97878283],
       [17.31604785]]), array([[ 3.32881196],
       [ 5.20706043],
       [16.71275385]]), array([[ 2.74960717],
       [ 4.96474381],
       [16.65618969]]), array([[ 2.4989657 ],
       [ 5.45695485],
       [16.33112943]]), array([[-0.13023627],
       [ 5.87965546],
       [15.62160051]]), array([[-0.22865934],
       [15.809808  ]]), array([[ 0.35618159],
       [ 5.58839032],
       [15.72793063]]), array([[ 0.90107975],
       [ 5.50218879],
       [15.77748836]]))
