0.3641432692461238

Camera matrix left: 
[[2.28214730e+03 0.00000000e+00 1.46310541e+02]
 [0.00000000e+00 1.50192867e+03 1.19017891e+02]
 [0.00000000e+00 0.00000000e+00 1.00000000e+00]]

distCoeffs left: 
[[ 5.06493520e+00  4.08793731e+02  7.86320642e-01 -3.24648591e-01
   1.41968058e+04]]

Camera matrix right: 
[[566.19768498   0.         148.31807789]
 [  0.         690.77676677 113.24599543]
 [  0.           0.           1.        ]]

distCoeffs right: 
[[ 6.88386911e-01 -2.22206277e+01  2.47253381e-02  4.93386037e-03
   3.12405022e+02]]

R: 
[[ 0.75319896 -0.02360056 -0.65736926]
 [ 0.45184902  0.74483096  0.4909779 ]
 [ 0.47804163 -0.6668357   0.57166979]]

T: 
[[ 1859.34634941]
 [-1353.76541786]
 [ -632.93352148]]

E: 
[[ -361.16583145  1374.16759344  -463.15042539]
 [-1365.56982043  1254.81610876  -646.8611044 ]
 [ 1859.7985229   1352.94910992    22.97419893]]

F: 
[[-5.78596049e-06  3.34505200e-05 -2.00676882e-02]
 [-1.79313540e-05  2.50365004e-05 -1.97407133e-02]
 [ 1.97583393e-02  1.08505608e-02  1.00000000e+00]]
